pattern1
occurrence1
8.0000000000,  50.0000000000
9.5000000000,  52.0000000000
10.0000000000,  53.0000000000
10.5000000000,  55.0000000000
11.0000000000,  57.0000000000
occurrence2
60.0000000000,  62.0000000000
61.5000000000,  64.0000000000
62.0000000000,  65.0000000000
62.5000000000,  67.0000000000
63.0000000000,  69.0000000000
occurrence3
11.0000000000,  60.0000000000
12.5000000000,  62.0000000000
13.0000000000,  64.0000000000
13.5000000000,  65.0000000000
14.0000000000,  67.0000000000
occurrence4
12.0000000000,  48.0000000000
13.5000000000,  50.0000000000
14.0000000000,  52.0000000000
14.5000000000,  53.0000000000
15.0000000000,  55.0000000000
occurrence5
13.0000000000,  48.0000000000
14.5000000000,  50.0000000000
15.0000000000,  52.0000000000
15.5000000000,  53.0000000000
16.0000000000,  55.0000000000
occurrence6
28.0000000000,  53.0000000000
29.5000000000,  55.0000000000
30.0000000000,  57.0000000000
30.5000000000,  58.0000000000
31.0000000000,  60.0000000000
occurrence7
32.0000000000,  58.0000000000
33.5000000000,  60.0000000000
34.0000000000,  62.0000000000
34.5000000000,  64.0000000000
35.0000000000,  65.0000000000
occurrence8
32.0000000000,  62.0000000000
33.5000000000,  64.0000000000
34.0000000000,  65.0000000000
34.5000000000,  67.0000000000
35.0000000000,  69.0000000000
occurrence9
56.0000000000,  53.0000000000
57.5000000000,  55.0000000000
58.0000000000,  57.0000000000
58.5000000000,  58.0000000000
59.0000000000,  60.0000000000
occurrence10
60.0000000000,  58.0000000000
61.5000000000,  60.0000000000
62.0000000000,  62.0000000000
62.5000000000,  64.0000000000
63.0000000000,  65.0000000000
pattern2
occurrence1
10.5000000000,  55.0000000000
11.0000000000,  57.0000000000
11.5000000000,  58.0000000000
12.0000000000,  60.0000000000
13.0000000000,  48.0000000000
occurrence2
11.0000000000,  57.0000000000
11.5000000000,  58.0000000000
12.0000000000,  60.0000000000
12.5000000000,  62.0000000000
13.5000000000,  50.0000000000
occurrence3
11.5000000000,  58.0000000000
12.0000000000,  60.0000000000
12.5000000000,  62.0000000000
13.0000000000,  64.0000000000
14.0000000000,  52.0000000000
occurrence4
12.0000000000,  60.0000000000
12.5000000000,  62.0000000000
13.0000000000,  64.0000000000
13.5000000000,  65.0000000000
14.5000000000,  53.0000000000
occurrence5
12.5000000000,  62.0000000000
13.0000000000,  64.0000000000
13.5000000000,  65.0000000000
14.0000000000,  67.0000000000
15.0000000000,  55.0000000000
occurrence6
13.5000000000,  50.0000000000
14.0000000000,  52.0000000000
14.5000000000,  53.0000000000
15.0000000000,  55.0000000000
16.0000000000,  43.0000000000
pattern3
occurrence1
25.0000000000,  53.0000000000
26.5000000000,  53.0000000000
27.0000000000,  52.0000000000
28.0000000000,  50.0000000000
occurrence2
25.0000000000,  69.0000000000
26.5000000000,  69.0000000000
27.0000000000,  67.0000000000
28.0000000000,  65.0000000000
occurrence3
27.0000000000,  60.0000000000
28.5000000000,  60.0000000000
29.0000000000,  58.0000000000
30.0000000000,  57.0000000000
occurrence4
29.0000000000,  77.0000000000
30.5000000000,  77.0000000000
31.0000000000,  76.0000000000
32.0000000000,  74.0000000000
occurrence5
53.0000000000,  53.0000000000
54.5000000000,  53.0000000000
55.0000000000,  52.0000000000
56.0000000000,  50.0000000000
occurrence6
53.0000000000,  69.0000000000
54.5000000000,  69.0000000000
55.0000000000,  67.0000000000
56.0000000000,  65.0000000000
occurrence7
55.0000000000,  60.0000000000
56.5000000000,  60.0000000000
57.0000000000,  58.0000000000
58.0000000000,  57.0000000000
occurrence8
57.0000000000,  77.0000000000
58.5000000000,  77.0000000000
59.0000000000,  76.0000000000
60.0000000000,  74.0000000000
pattern4
occurrence1
25.0000000000,  53.0000000000
25.0000000000,  69.0000000000
26.5000000000,  53.0000000000
26.5000000000,  69.0000000000
27.0000000000,  48.0000000000
27.0000000000,  52.0000000000
27.0000000000,  60.0000000000
27.0000000000,  67.0000000000
28.0000000000,  50.0000000000
28.0000000000,  53.0000000000
28.0000000000,  65.0000000000
28.5000000000,  60.0000000000
29.0000000000,  58.0000000000
29.0000000000,  62.0000000000
29.0000000000,  77.0000000000
29.5000000000,  55.0000000000
29.5000000000,  64.0000000000
30.0000000000,  57.0000000000
30.0000000000,  65.0000000000
30.5000000000,  58.0000000000
30.5000000000,  67.0000000000
30.5000000000,  77.0000000000
31.0000000000,  48.0000000000
31.0000000000,  57.0000000000
31.0000000000,  60.0000000000
31.0000000000,  69.0000000000
31.0000000000,  76.0000000000
32.0000000000,  46.0000000000
32.0000000000,  58.0000000000
32.0000000000,  62.0000000000
32.0000000000,  74.0000000000
32.5000000000,  46.0000000000
33.0000000000,  58.0000000000
33.5000000000,  60.0000000000
33.5000000000,  64.0000000000
34.0000000000,  62.0000000000
34.0000000000,  65.0000000000
34.5000000000,  64.0000000000
34.5000000000,  67.0000000000
35.0000000000,  57.0000000000
35.0000000000,  65.0000000000
35.0000000000,  69.0000000000
35.0000000000,  72.0000000000
35.5000000000,  60.0000000000
35.5000000000,  65.0000000000
36.0000000000,  55.0000000000
36.0000000000,  63.0000000000
36.0000000000,  67.0000000000
36.0000000000,  71.0000000000
37.0000000000,  60.0000000000
37.0000000000,  63.0000000000
37.0000000000,  72.0000000000
38.0000000000,  62.0000000000
38.0000000000,  74.0000000000
39.0000000000,  59.0000000000
39.0000000000,  67.0000000000
39.5000000000,  72.0000000000
40.0000000000,  48.0000000000
40.0000000000,  60.0000000000
40.0000000000,  64.0000000000
40.0000000000,  67.0000000000
40.0000000000,  72.0000000000
41.0000000000,  53.0000000000
41.0000000000,  57.0000000000
41.0000000000,  60.0000000000
41.0000000000,  65.0000000000
42.0000000000,  58.0000000000
42.0000000000,  62.0000000000
42.0000000000,  67.0000000000
43.0000000000,  52.0000000000
43.0000000000,  60.0000000000
43.0000000000,  79.0000000000
43.5000000000,  67.0000000000
44.0000000000,  53.0000000000
44.0000000000,  57.0000000000
44.0000000000,  69.0000000000
44.0000000000,  72.0000000000
45.0000000000,  50.0000000000
45.0000000000,  62.0000000000
45.0000000000,  65.0000000000
45.0000000000,  77.0000000000
45.5000000000,  65.0000000000
46.0000000000,  51.0000000000
46.0000000000,  55.0000000000
46.0000000000,  63.0000000000
46.0000000000,  67.0000000000
46.0000000000,  70.0000000000
46.5000000000,  55.0000000000
47.0000000000,  46.0000000000
47.0000000000,  58.0000000000
47.0000000000,  62.0000000000
47.0000000000,  74.0000000000
47.5000000000,  65.0000000000
48.0000000000,  48.0000000000
48.0000000000,  60.0000000000
48.0000000000,  64.0000000000
48.0000000000,  67.0000000000
49.0000000000,  57.0000000000
49.0000000000,  65.0000000000
49.0000000000,  69.0000000000
49.5000000000,  70.0000000000
50.0000000000,  55.0000000000
50.0000000000,  60.0000000000
50.0000000000,  72.0000000000
51.0000000000,  48.0000000000
51.0000000000,  64.0000000000
51.5000000000,  70.0000000000
52.0000000000,  41.0000000000
52.0000000000,  53.0000000000
52.0000000000,  60.0000000000
52.0000000000,  65.0000000000
52.0000000000,  69.0000000000
occurrence2
53.0000000000,  53.0000000000
53.0000000000,  69.0000000000
54.5000000000,  53.0000000000
54.5000000000,  69.0000000000
55.0000000000,  48.0000000000
55.0000000000,  52.0000000000
55.0000000000,  60.0000000000
55.0000000000,  67.0000000000
56.0000000000,  50.0000000000
56.0000000000,  53.0000000000
56.0000000000,  65.0000000000
56.5000000000,  60.0000000000
57.0000000000,  58.0000000000
57.0000000000,  62.0000000000
57.0000000000,  77.0000000000
57.5000000000,  55.0000000000
57.5000000000,  64.0000000000
58.0000000000,  57.0000000000
58.0000000000,  65.0000000000
58.5000000000,  58.0000000000
58.5000000000,  67.0000000000
58.5000000000,  77.0000000000
59.0000000000,  48.0000000000
59.0000000000,  57.0000000000
59.0000000000,  60.0000000000
59.0000000000,  69.0000000000
59.0000000000,  76.0000000000
60.0000000000,  46.0000000000
60.0000000000,  58.0000000000
60.0000000000,  62.0000000000
60.0000000000,  74.0000000000
60.5000000000,  46.0000000000
61.0000000000,  58.0000000000
61.5000000000,  60.0000000000
61.5000000000,  64.0000000000
62.0000000000,  62.0000000000
62.0000000000,  65.0000000000
62.5000000000,  64.0000000000
62.5000000000,  67.0000000000
63.0000000000,  57.0000000000
63.0000000000,  65.0000000000
63.0000000000,  69.0000000000
63.0000000000,  72.0000000000
63.5000000000,  60.0000000000
63.5000000000,  65.0000000000
64.0000000000,  55.0000000000
64.0000000000,  63.0000000000
64.0000000000,  67.0000000000
64.0000000000,  71.0000000000
65.0000000000,  60.0000000000
65.0000000000,  63.0000000000
65.0000000000,  72.0000000000
66.0000000000,  62.0000000000
66.0000000000,  74.0000000000
67.0000000000,  59.0000000000
67.0000000000,  67.0000000000
67.5000000000,  72.0000000000
68.0000000000,  48.0000000000
68.0000000000,  60.0000000000
68.0000000000,  64.0000000000
68.0000000000,  67.0000000000
68.0000000000,  72.0000000000
69.0000000000,  53.0000000000
69.0000000000,  57.0000000000
69.0000000000,  60.0000000000
69.0000000000,  65.0000000000
70.0000000000,  58.0000000000
70.0000000000,  62.0000000000
70.0000000000,  67.0000000000
71.0000000000,  52.0000000000
71.0000000000,  60.0000000000
71.0000000000,  79.0000000000
71.5000000000,  67.0000000000
72.0000000000,  53.0000000000
72.0000000000,  57.0000000000
72.0000000000,  69.0000000000
72.0000000000,  72.0000000000
73.0000000000,  50.0000000000
73.0000000000,  62.0000000000
73.0000000000,  65.0000000000
73.0000000000,  77.0000000000
73.5000000000,  65.0000000000
74.0000000000,  51.0000000000
74.0000000000,  55.0000000000
74.0000000000,  63.0000000000
74.0000000000,  67.0000000000
74.0000000000,  70.0000000000
74.5000000000,  55.0000000000
75.0000000000,  46.0000000000
75.0000000000,  58.0000000000
75.0000000000,  62.0000000000
75.0000000000,  74.0000000000
75.5000000000,  65.0000000000
76.0000000000,  48.0000000000
76.0000000000,  60.0000000000
76.0000000000,  64.0000000000
76.0000000000,  67.0000000000
77.0000000000,  57.0000000000
77.0000000000,  65.0000000000
77.0000000000,  69.0000000000
77.5000000000,  70.0000000000
78.0000000000,  55.0000000000
78.0000000000,  60.0000000000
78.0000000000,  72.0000000000
79.0000000000,  48.0000000000
79.0000000000,  64.0000000000
79.5000000000,  70.0000000000
80.0000000000,  41.0000000000
80.0000000000,  53.0000000000
80.0000000000,  60.0000000000
80.0000000000,  65.0000000000
80.0000000000,  69.0000000000
